16 2 1
32 3 2
1 3 3
16 5 4
36 6 5
1 6 6
16 8 7
36 9 8
1 9 9
7 11 10
10 12 11
1 12 12
7 14 13
10 15 14
1 15 15
18 17 16
36 18 17
1 18 18
20 20 19
1 20 20
20 22 21
1 22 22
22 24 23
1 24 24
1 26 25
1 26 26
22 28 27
1 28 28
16 30 29
1 31 30
1 31 31
16 33 32
1 34 33
1 34 34
1 36 35
1 36 36
1 38 37
1 38 38
1 40 39
1 40 40
22 42 41
1 42 42
21 44 43
1 45 44
1 45 45
24 47 46
1 47 47
31 49 48
1 49 49
26 51 50
1 51 51
28 53 52
1 53 53
33 55 54
1 55 55
28 57 56
1 57 57
1 59 58
1 59 59
25 61 60
1 62 61
1 62 62
16 64 63
1 65 64
1 65 65
28 67 66
1 68 67
1 68 68
21 70 69
1 71 70
1 71 71
30 73 72
1 73 73
25 75 74
1 76 75
1 76 76
40 78 77
1 78 78
37 80 79
1 80 80
30 82 81
1 82 82
1 83 83
31 85 84
1 85 85
34 87 86
1 87 87
38 89 88
1 89 89
1 91 90
1 91 91
25 93 92
1 94 93
1 94 94
1 95 95
26 97 96
1 97 97
28 99 98
1 99 99
30 101 100
1 101 101
1 103 102
1 103 103
28 105 104
1 105 105
1 106 106
1 107 107
1 108 108
35 110 109
1 110 110
42 112 111
1 112 112
1 113 113
1 114 114
1 115 115
32 117 116
1 117 117
33 119 118
1 119 119
1 121 120
1 121 121
1 122 122
1 123 123
1 124 124
1 125 125
1 126 126
1 127 127
1 128 128
20 130 129
1 130 130
1 131 131
1 132 132
1 134 133
1 134 134
1 135 135
1 136 136
1 137 137
40 139 138
1 139 139
40 141 140
1 141 141
1 142 142
1 143 143
1 144 144
1 145 145
1 146 146
30 148 147
55 149 148
1 149 149
1 150 150
1 151 151
